0 38.8 29.7 37.4 76.8 106.0 170.0 26.4 42.4 26.8 49.9 45.9 186.0 139.0 253.0 186.0 163.0 212.0 166.0 147.0 80.9 122.0 42.4 143.0 155.0 226.0 135.0 161.0 159.0 138.0 179.0 210.0 182.0 196.0 200.0 180.0 157.0 119.0 177.0 147.0 79.9 225.0 189.0 132.0 200.0 169.0 181.0 142.0
38.8 0 31.5 39.3 50.7 108.0 205.0 60.9 77.0 62.4 43.2 80.5 165.0 97.8 250.0 226.0 204.0 208.0 207.0 188.0 114.0 162.0 47.9 101.0 195.0 267.0 141.0 158.0 117.0 143.0 219.0 251.0 222.0 237.0 241.0 220.0 193.0 159.0 218.0 187.0 105.0 266.0 147.0 128.0 197.0 127.0 222.0 182.0
29.7 31.5 0 9.9 82.2 79.0 196.0 51.8 67.8 53.2 67.7 71.3 183.0 116.0 242.0 210.0 187.0 201.0 190.0 171.0 97.0 146.0 31.2 120.0 179.0 250.0 124.0 150.0 135.0 126.0 202.0 234.0 206.0 220.0 224.0 204.0 181.0 142.0 201.0 170.0 88.1 258.0 165.0 121.0 189.0 146.0 205.0 165.0
37.4 39.3 9.9 0 73.3 73.4 204.0 59.5 75.6 60.9 82.3 79.1 204.0 135.0 223.0 218.0 196.0 182.0 199.0 180.0 86.2 154.0 28.2 141.0 188.0 259.0 105.0 131.0 156.0 100.0 211.0 243.0 215.0 229.0 233.0 212.0 190.0 151.0 210.0 179.0 69.0 258.0 186.0 102.0 170.0 162.0 214.0 174.0
76.8 50.7 82.2 73.3 0 228.0 128.0 99.3 115.0 83.6 51.1 113.0 134.0 53.2 207.0 240.0 229.0 165.0 241.0 222.0 158.0 187.0 91.9 70.9 239.0 258.0 171.0 115.0 86.4 173.0 263.0 242.0 220.0 252.0 230.0 255.0 163.0 205.0 208.0 231.0 74.8 250.0 116.0 85.4 154.0 56.3 173.0 226.0
106.0 108.0 79.0 73.4 228.0 0 272.0 128.0 144.0 130.0 151.0 148.0 270.0 190.0 192.0 286.0 263.0 152.0 267.0 247.0 162.0 222.0 95.9 207.0 255.0 327.0 36.3 78.6 224.0 42.1 279.0 311.0 282.0 297.0 301.0 280.0 257.0 219.0 278.0 247.0 54.7 333.0 251.0 65.5 172.0 184.0 280.0 242.0
170.0 205.0 196.0 204.0 128.0 272.0 0 166.0 151.0 159.0 184.0 130.0 122.0 272.0 433.0 40.3 18.8 392.0 20.6 39.2 167.0 84.0 222.0 186.0 39.4 79.0 315.0 341.0 215.0 272.0 23.9 63.0 51.5 48.2 104.0 84.5 93.9 78.0 81.1 59.6 279.0 86.8 245.0 312.0 380.0 307.0 118.0 69.2
26.4 60.9 51.8 59.5 99.3 128.0 166.0 0 16.1 28.1 71.2 43.1 189.0 175.0 290.0 192.0 166.0 249.0 172.0 150.0 50.0 100.0 40.1 179.0 149.0 230.0 172.0 198.0 172.0 108.0 173.0 214.0 185.0 200.0 204.0 183.0 161.0 122.0 181.0 150.0 136.0 229.0 202.0 169.0 237.0 205.0 185.0 122.0
42.4 77.0 67.8 75.6 115.0 144.0 151.0 16.1 0 27.3 62.3 29.8 170.0 186.0 319.0 173.0 147.0 278.0 153.0 131.0 51.5 71.0 75.9 124.0 120.0 211.0 201.0 227.0 153.0 130.0 143.0 195.0 166.0 181.0 185.0 129.0 142.0 103.0 162.0 98.0 158.0 210.0 183.0 198.0 266.0 235.0 166.0 93.1
26.8 62.4 53.2 60.9 83.6 130.0 159.0 28.1 27.3 0 35.1 29.8 170.0 153.0 268.0 173.0 148.0 226.0 153.0 132.0 83.7 108.0 56.9 157.0 140.0 211.0 150.0 176.0 141.0 142.0 163.0 195.0 167.0 181.0 185.0 165.0 142.0 103.0 162.0 131.0 114.0 210.0 171.0 146.0 215.0 183.0 166.0 126.0
49.9 43.2 67.7 82.3 51.1 151.0 184.0 71.2 62.3 35.1 0 64.9 139.0 122.0 275.0 202.0 176.0 233.0 182.0 160.0 126.0 136.0 92.2 126.0 168.0 239.0 186.0 182.0 134.0 187.0 192.0 221.0 195.0 209.0 213.0 184.0 170.0 132.0 190.0 160.0 149.0 247.0 164.0 153.0 221.0 152.0 194.0 155.0
45.9 80.5 71.3 79.1 113.0 148.0 130.0 43.1 29.8 29.8 64.9 0 146.0 186.0 311.0 149.0 123.0 269.0 129.0 107.0 88.3 83.1 99.8 90.2 115.0 186.0 194.0 218.0 119.0 195.0 139.0 168.0 143.0 157.0 161.0 133.0 117.0 78.8 138.0 107.0 159.0 186.0 149.0 189.0 258.0 208.0 142.0 102.0
186.0 165.0 183.0 204.0 134.0 270.0 122.0 189.0 170.0 170.0 139.0 146.0 0 150.0 340.0 106.0 104.0 299.0 110.0 88.1 215.0 122.0 227.0 64.0 125.0 127.0 275.0 248.0 93.0 277.0 128.0 109.0 85.5 117.0 95.9 180.0 28.6 70.8 73.5 146.0 208.0 116.0 123.0 219.0 265.0 184.0 52.1 141.0
139.0 97.8 116.0 135.0 53.2 190.0 272.0 175.0 186.0 153.0 122.0 186.0 150.0 0 198.0 257.0 255.0 156.0 261.0 239.0 212.0 251.0 146.0 87.6 278.0 278.0 226.0 166.0 58.2 228.0 279.0 260.0 237.0 268.0 247.0 290.0 179.0 200.0 224.0 266.0 128.0 266.0 62.0 139.0 113.0 32.6 189.0 261.0
253.0 250.0 242.0 223.0 207.0 192.0 433.0 290.0 319.0 268.0 275.0 311.0 340.0 198.0 0 441.0 415.0 42.3 421.0 399.0 314.0 356.0 248.0 277.0 407.0 467.0 220.0 114.0 256.0 234.0 431.0 460.0 426.0 449.0 436.0 423.0 369.0 371.0 414.0 399.0 191.0 456.0 266.0 151.0 88.0 169.0 379.0 394.0
186.0 226.0 210.0 218.0 240.0 286.0 40.3 192.0 173.0 173.0 202.0 149.0 106.0 257.0 441.0 0 42.3 397.0 19.7 44.0 194.0 110.0 227.0 170.0 63.5 41.5 321.0 346.0 199.0 322.0 58.8 23.5 21.9 11.8 69.4 124.0 77.9 85.5 46.3 85.9 287.0 50.1 229.0 319.0 371.0 291.0 81.2 95.6
163.0 204.0 187.0 196.0 229.0 263.0 18.8 166.0 147.0 148.0 176.0 123.0 104.0 255.0 415.0 42.3 0 374.0 24.5 21.2 152.0 68.2 204.0 168.0 21.2 81.9 298.0 323.0 197.0 253.0 24.5 63.8 38.7 52.1 91.6 83.9 75.7 59.8 68.7 41.5 261.0 90.6 227.0 294.0 362.0 288.0 100.0 51.1
212.0 208.0 201.0 182.0 165.0 152.0 392.0 249.0 278.0 226.0 233.0 269.0 299.0 156.0 42.3 397.0 374.0 0 379.0 358.0 272.0 323.0 206.0 235.0 365.0 425.0 180.0 74.1 215.0 194.0 389.0 407.0 384.0 407.0 394.0 381.0 327.0 329.0 372.0 358.0 149.0 414.0 225.0 110.0 46.5 128.0 337.0 353.0
166.0 207.0 190.0 199.0 241.0 267.0 20.6 172.0 153.0 153.0 182.0 129.0 110.0 261.0 421.0 19.7 24.5 379.0 0 24.5 174.0 91.0 208.0 171.0 44.0 59.8 302.0 326.0 200.0 276.0 41.2 41.8 38.6 30.0 81.4 106.0 81.4 65.5 62.3 65.9 267.0 68.0 233.0 299.0 368.0 294.0 97.2 75.6
147.0 188.0 171.0 180.0 222.0 247.0 39.2 150.0 131.0 132.0 160.0 107.0 88.1 239.0 399.0 44.0 21.2 358.0 24.5 0 167.0 83.2 188.0 152.0 42.4 84.3 282.0 307.0 181.0 268.0 45.3 66.2 28.3 54.5 81.2 105.0 59.7 43.8 58.3 62.7 245.0 92.3 211.0 278.0 346.0 272.0 84.0 72.3
80.9 114.0 97.0 86.2 158.0 162.0 167.0 50.0 51.5 83.7 126.0 88.3 215.0 212.0 314.0 194.0 152.0 272.0 174.0 167.0 0 83.5 74.7 215.0 132.0 234.0 197.0 222.0 198.0 102.0 157.0 216.0 190.0 204.0 220.0 142.0 177.0 138.0 197.0 111.0 160.0 245.0 228.0 192.0 261.0 241.0 201.0 106.0
122.0 162.0 146.0 154.0 187.0 222.0 84.0 100.0 71.0 108.0 136.0 83.1 122.0 251.0 356.0 110.0 68.2 323.0 91.0 83.2 83.5 0 146.0 158.0 48.8 150.0 248.0 273.0 185.0 185.0 73.0 132.0 107.0 120.0 135.0 58.1 93.3 54.7 114.0 27.1 211.0 161.0 218.0 243.0 312.0 262.0 118.0 22.1
42.4 47.9 31.2 28.2 91.9 95.9 222.0 40.1 75.9 56.9 92.2 99.8 227.0 146.0 248.0 227.0 204.0 206.0 208.0 188.0 74.7 146.0 0 149.0 196.0 267.0 131.0 156.0 165.0 132.0 220.0 249.0 224.0 238.0 242.0 212.0 198.0 160.0 219.0 173.0 93.7 267.0 195.0 126.0 195.0 175.0 223.0 168.0
143.0 101.0 120.0 141.0 70.9 207.0 186.0 179.0 124.0 157.0 126.0 90.2 64.0 87.6 277.0 170.0 168.0 235.0 171.0 152.0 215.0 158.0 149.0 0 172.0 191.0 242.0 185.0 29.7 243.0 192.0 173.0 150.0 181.0 160.0 221.0 92.6 113.0 138.0 183.0 144.0 180.0 59.5 155.0 202.0 121.0 103.0 178.0
155.0 195.0 179.0 188.0 239.0 255.0 39.4 149.0 120.0 140.0 168.0 115.0 125.0 278.0 407.0 63.5 21.2 365.0 44.0 42.4 132.0 48.8 196.0 172.0 0 103.0 290.0 315.0 201.0 234.0 23.6 85.1 59.9 73.3 113.0 63.0 96.9 60.3 89.9 22.0 253.0 112.0 231.0 285.0 354.0 292.0 121.0 31.7
226.0 267.0 250.0 259.0 258.0 327.0 79.0 230.0 211.0 211.0 239.0 186.0 127.0 278.0 467.0 41.5 81.9 425.0 59.8 84.3 234.0 150.0 267.0 191.0 103.0 0 362.0 372.0 217.0 363.0 99.2 19.0 63.5 50.8 45.8 164.0 99.2 117.0 53.8 123.0 324.0 12.7 228.0 345.0 392.0 309.0 88.0 133.0
135.0 141.0 124.0 105.0 171.0 36.3 315.0 172.0 201.0 150.0 186.0 194.0 275.0 226.0 220.0 321.0 298.0 180.0 302.0 282.0 197.0 248.0 131.0 242.0 290.0 362.0 0 104.0 250.0 81.4 313.0 342.0 317.0 330.0 334.0 305.0 292.0 254.0 313.0 282.0 88.8 361.0 288.0 96.5 203.0 215.0 317.0 277.0
161.0 158.0 150.0 131.0 115.0 78.6 341.0 198.0 227.0 176.0 182.0 218.0 248.0 166.0 114.0 346.0 323.0 74.1 326.0 307.0 222.0 273.0 156.0 185.0 315.0 372.0 104.0 0 200.0 127.0 339.0 368.0 333.0 356.0 344.0 331.0 276.0 279.0 321.0 307.0 97.5 363.0 230.0 46.9 120.0 148.0 287.0 302.0
159.0 117.0 135.0 156.0 86.4 224.0 215.0 172.0 153.0 141.0 134.0 119.0 93.0 58.2 256.0 199.0 197.0 215.0 200.0 181.0 198.0 185.0 165.0 29.7 201.0 217.0 250.0 200.0 0 259.0 221.0 202.0 178.0 210.0 189.0 250.0 122.0 142.0 166.0 212.0 160.0 209.0 30.5 171.0 172.0 91.4 132.0 207.0
138.0 143.0 126.0 100.0 173.0 42.1 272.0 108.0 130.0 142.0 187.0 195.0 277.0 228.0 234.0 322.0 253.0 194.0 276.0 268.0 102.0 185.0 132.0 243.0 234.0 363.0 81.4 127.0 259.0 0 258.0 344.0 292.0 333.0 337.0 243.0 294.0 240.0 314.0 212.0 92.3 362.0 289.0 108.0 215.0 227.0 318.0 207.0
179.0 219.0 202.0 211.0 263.0 279.0 23.9 173.0 143.0 163.0 192.0 139.0 128.0 279.0 431.0 58.8 24.5 389.0 41.2 45.3 157.0 73.0 220.0 192.0 23.6 99.2 313.0 339.0 221.0 258.0 0 81.3 63.9 69.6 117.0 74.3 99.8 84.4 92.7 45.6 277.0 107.0 251.0 310.0 378.0 312.0 124.0 55.2
210.0 251.0 234.0 243.0 242.0 311.0 63.0 214.0 195.0 195.0 221.0 168.0 109.0 260.0 460.0 23.5 63.8 407.0 41.8 66.2 216.0 132.0 249.0 173.0 85.1 19.0 342.0 368.0 202.0 344.0 81.3 0 47.5 34.8 39.1 148.0 81.1 98.5 35.8 105.0 306.0 28.8 229.0 327.0 374.0 293.0 70.0 115.0
182.0 222.0 206.0 215.0 220.0 282.0 51.5 185.0 166.0 167.0 195.0 143.0 85.5 237.0 426.0 21.9 38.7 384.0 38.6 28.3 190.0 107.0 224.0 150.0 59.9 63.5 317.0 333.0 178.0 292.0 63.9 47.5 0 34.3 53.4 123.0 57.1 68.9 30.5 80.1 281.0 71.4 209.0 304.0 351.0 270.0 65.2 89.8
196.0 237.0 220.0 229.0 252.0 297.0 48.2 200.0 181.0 181.0 209.0 157.0 117.0 268.0 449.0 11.8 52.1 407.0 30.0 54.5 204.0 120.0 238.0 181.0 73.3 50.8 330.0 356.0 210.0 333.0 69.6 34.8 34.3 0 77.7 134.0 89.0 93.1 54.9 93.5 294.0 58.7 240.0 327.0 383.0 302.0 89.5 103.0
200.0 241.0 224.0 233.0 230.0 301.0 104.0 204.0 185.0 185.0 213.0 161.0 95.9 247.0 436.0 69.4 91.6 394.0 81.4 81.2 220.0 135.0 242.0 160.0 113.0 45.8 334.0 344.0 189.0 337.0 117.0 39.1 53.4 77.7 0 180.0 68.2 85.6 23.0 133.0 299.0 33.3 200.0 314.0 361.0 280.0 57.1 143.0
180.0 220.0 204.0 212.0 255.0 280.0 84.5 183.0 129.0 165.0 184.0 133.0 180.0 290.0 423.0 124.0 83.9 381.0 106.0 105.0 142.0 58.1 212.0 221.0 63.0 164.0 305.0 331.0 250.0 243.0 74.3 148.0 123.0 134.0 180.0 0 151.0 113.0 157.0 64.8 269.0 172.0 276.0 301.0 370.0 320.0 176.0 72.0
157.0 193.0 181.0 190.0 163.0 257.0 93.9 161.0 142.0 142.0 170.0 117.0 28.6 179.0 369.0 77.9 75.7 327.0 81.4 59.7 177.0 93.3 198.0 92.6 96.9 99.2 292.0 276.0 122.0 294.0 99.8 81.1 57.1 89.0 68.2 151.0 0 42.5 45.8 117.0 237.0 87.9 144.0 247.0 294.0 213.0 21.1 112.0
119.0 159.0 142.0 151.0 205.0 219.0 78.0 122.0 103.0 103.0 132.0 78.8 70.8 200.0 371.0 85.5 59.8 329.0 65.5 43.8 138.0 54.7 160.0 113.0 60.3 117.0 254.0 279.0 142.0 240.0 84.4 98.5 68.9 93.1 85.6 113.0 42.5 0 62.7 78.6 217.0 111.0 172.0 249.0 318.0 233.0 66.7 73.6
177.0 218.0 201.0 210.0 208.0 278.0 81.1 181.0 162.0 162.0 190.0 138.0 73.5 224.0 414.0 46.3 68.7 372.0 62.3 58.3 197.0 114.0 219.0 138.0 89.9 53.8 313.0 321.0 166.0 314.0 92.7 35.8 30.5 54.9 23.0 157.0 45.8 62.7 0 110.0 276.0 47.9 197.0 292.0 339.0 258.0 34.6 120.0
147.0 187.0 170.0 179.0 231.0 247.0 59.6 150.0 98.0 131.0 160.0 107.0 146.0 266.0 399.0 85.9 41.5 358.0 65.9 62.7 111.0 27.1 173.0 183.0 22.0 123.0 282.0 307.0 212.0 212.0 45.6 105.0 80.1 93.5 133.0 64.8 117.0 78.6 110.0 0 245.0 132.0 242.0 277.0 346.0 296.0 141.0 9.9
79.9 105.0 88.1 69.0 74.8 54.7 279.0 136.0 158.0 114.0 149.0 159.0 208.0 128.0 191.0 287.0 261.0 149.0 267.0 245.0 160.0 211.0 93.7 144.0 253.0 324.0 88.8 97.5 160.0 92.3 277.0 306.0 281.0 294.0 299.0 269.0 237.0 217.0 276.0 245.0 0 323.0 190.0 61.8 138.0 137.0 247.0 240.0
225.0 266.0 258.0 258.0 250.0 333.0 86.8 229.0 210.0 210.0 247.0 186.0 116.0 266.0 456.0 50.1 90.6 414.0 68.0 92.3 245.0 161.0 267.0 180.0 112.0 12.7 361.0 363.0 209.0 362.0 107.0 28.8 71.4 58.7 33.3 172.0 87.9 111.0 47.9 132.0 323.0 0 215.0 334.0 381.0 296.0 76.9 142.0
189.0 147.0 165.0 186.0 116.0 251.0 245.0 202.0 183.0 171.0 164.0 149.0 123.0 62.0 266.0 229.0 227.0 225.0 233.0 211.0 228.0 218.0 195.0 59.5 231.0 228.0 288.0 230.0 30.5 289.0 251.0 229.0 209.0 240.0 200.0 276.0 144.0 172.0 197.0 242.0 190.0 215.0 0 195.0 182.0 101.0 162.0 237.0
132.0 128.0 121.0 102.0 85.4 65.5 312.0 169.0 198.0 146.0 153.0 189.0 219.0 139.0 151.0 319.0 294.0 110.0 299.0 278.0 192.0 243.0 126.0 155.0 285.0 345.0 96.5 46.9 171.0 108.0 310.0 327.0 304.0 327.0 314.0 301.0 247.0 249.0 292.0 277.0 61.8 334.0 195.0 0 106.0 118.0 257.0 273.0
200.0 197.0 189.0 170.0 154.0 172.0 380.0 237.0 266.0 215.0 221.0 258.0 265.0 113.0 88.0 371.0 362.0 46.5 368.0 346.0 261.0 312.0 195.0 202.0 354.0 392.0 203.0 120.0 172.0 215.0 378.0 374.0 351.0 383.0 361.0 370.0 294.0 318.0 339.0 346.0 138.0 381.0 182.0 106.0 0 95.7 305.0 341.0
169.0 127.0 146.0 162.0 56.3 184.0 307.0 205.0 235.0 183.0 152.0 208.0 184.0 32.6 169.0 291.0 288.0 128.0 294.0 272.0 241.0 262.0 175.0 121.0 292.0 309.0 215.0 148.0 91.4 227.0 312.0 293.0 270.0 302.0 280.0 320.0 213.0 233.0 258.0 296.0 137.0 296.0 101.0 118.0 95.7 0 224.0 291.0
181.0 222.0 205.0 214.0 173.0 280.0 118.0 185.0 166.0 166.0 194.0 142.0 52.1 189.0 379.0 81.2 100.0 337.0 97.2 84.0 201.0 118.0 223.0 103.0 121.0 88.0 317.0 287.0 132.0 318.0 124.0 70.0 65.2 89.5 57.1 176.0 21.1 66.7 34.6 141.0 247.0 76.9 162.0 257.0 305.0 224.0 0 136.0
142.0 182.0 165.0 174.0 226.0 242.0 69.2 122.0 93.1 126.0 155.0 102.0 141.0 261.0 394.0 95.6 51.1 353.0 75.6 72.3 106.0 22.1 168.0 178.0 31.7 133.0 277.0 302.0 207.0 207.0 55.2 115.0 89.8 103.0 143.0 72.0 112.0 73.6 120.0 9.9 240.0 142.0 237.0 273.0 341.0 291.0 136.0 0