12
0 33 27 34 65 93 145 23 37 23 38 38
33 0 28 35 42 94 172 50 64 51 47 65
27 28 0 11 69 71 166 44 57 44 72 59
34 35 11 0 71 66 174 52 66 53 73 67
65 42 69 71 0 192 114 83 97 70 43 94
93 94 71 66 192 0 235 112 126 133 133 127
145 172 166 174 114 235 0 137 124 133 151 109
23 50 44 52 83 112 137 0 38 36 56 24
37 64 57 66 97 126 124 38 0 36 67 25
23 51 44 53 70 133 133 36 36 0 35 56
38 47 72 73 43 133 151 56 67 35 0 56
38 65 59 67 94 127 109 24 25 56 56 0
